canvas 200 70 360 360
shape R rectangle
motion R 1 200 200 50 100 255 0 0 0  10 200 200 50 100 255 0 0 20
motion R 10 200 200 50 100 255 0 0 20  20 200 200 50 100 255 0 0 40
motion R 20 200 200 50 100 255 0 0 40  20 200 200 50 100 255 0 0 60
motion R 30 200 200 50 100 255 0 0 60  40 200 200 50 100 255 0 0 80
motion R 40 200 200 50 100 255 0 0 80  60 200 200 50 100 255 0 0 100 
motion R 60 200 200 50 100 255 0 0 100  80 200 200 50 100 255 0 0 80

#shape C ellipse
#motion C 10 440 70 120 60 0 0 255 0  20 440 70 120 60 0 0 255 0
#motion C 20 440 70 120 60 0 0 255 0  30 440 250 120 60 0 0 255 0
#motion C 30 440 250 120 60 0 0 255 0  40 440 370 120 60 0 170 85 0
#motion C 40 440 370 120 60 0 170 85 0  50 440 370 120 60 0 255 0 0
#motion C 50 440 370 120 60 0 255 0 0  60 440 370 120 60 0 255 0 0

shape C ellipse
motion C 1 400 200 50 100 255 0 0 0  10 400 200 50 100 255 0 0 20
motion C 10 400 200 50 100 255 0 0 20  20 400 200 50 100 255 0 0 40
motion C 20 400 200 50 100 255 0 0 40  20 400 200 50 100 255 0 0 60
motion C 30 400 200 50 100 255 0 0 60  40 400 200 50 100 255 0 0 80
motion C 40 400 200 50 100 255 0 0 80  60 400 200 50 100 255 0 0 100 
motion C 60 400 200 50 100 255 0 0 100  80 400 200 50 100 255 0 0 80