canvas 200 70 360 360
shape R rectangle
motion R 1  200 200 50 100 255 0 0  10 200 200 50 100 255 0 0
motion R 10 200 200 50 100 255 0 0  20 200 200 50 100 255 0 0
motion R 20 200 200 50 100 255 0 0  30 200 200 50 100 255 0 0
motion R 30 200 200 50 100 255 0 0  40 200 200 50 100 255 0 0
motion R 40 200 200 50 100 255 0 0  50 200 200 50 100 255 0 0
shape C ellipse
motion C 10 440 70 120 60 0 0 255    20 440 70 120 60 0 0 255
motion C 20 440 70 120 60 0 0 255    30 440 250 120 60 0 0 255
motion C 30 440 250 120 60 0 0 255   40 440 370 120 60 0 170 85
motion C 40 440 370 120 60 0 170 85  50 440 370 120 60 0 255 0
motion C 50 440 370 120 60 0 255 0   60 440 370 120 60 0 255 0
