canvas 145 50 410 220
shape disk1 rectangle
shape disk2 rectangle
shape disk3 rectangle
motion disk1 1 190 180 20 30 0 49 90 0  1 190 180 20 30 0 49 90 0
motion disk1 1 190 180 20 30 0 49 90 0  25 190 180 20 30 0 49 90 0
motion disk2 1 167 210 65 30 6 247 41 0  1 167 210 65 30 6 247 41 0
motion disk2 1 167 210 65 30 6 247 41 0  57 167 210 65 30 6 247 41 0
motion disk3 1 145 240 110 30 11 45 175 0  1 145 240 110 30 11 45 175 0
motion disk3 1 145 240 110 30 11 45 175 0  121 145 240 110 30 11 45 175 0
motion disk1 25 190 180 20 30 0 49 90 0  35 190 50 20 30 0 49 90 0
motion disk1 35 190 50 20 30 0 49 90 0  36 190 50 20 30 0 49 90 0
motion disk1 36 190 50 20 30 0 49 90 0  46 490 50 20 30 0 49 90 0
motion disk1 46 490 50 20 30 0 49 90 0  47 490 50 20 30 0 49 90 0
motion disk1 47 490 50 20 30 0 49 90 0  57 490 240 20 30 0 49 90 0
motion disk1 57 490 240 20 30 0 49 90 0  89 490 240 20 30 0 49 90 0
motion disk2 57 167 210 65 30 6 247 41 0  67 167 50 65 30 6 247 41 0
motion disk2 67 167 50 65 30 6 247 41 0  68 167 50 65 30 6 247 41 0
motion disk2 68 167 50 65 30 6 247 41 0  78 317 50 65 30 6 247 41 0
motion disk2 78 317 50 65 30 6 247 41 0  79 317 50 65 30 6 247 41 0
motion disk2 79 317 50 65 30 6 247 41 0  89 317 240 65 30 6 247 41 0
motion disk2 89 317 240 65 30 6 247 41 0  99 317 240 65 30 6 247 41 90
motion disk2 99 317 240 65 30 6 247 41 90  109 317 240 65 30 6 247 41 180


