canvas 145 50 410 220
shape disk1 rectangle
shape disk2 rectangle
shape disk3 rectangle
motion disk1 1 190 180 20 30 0 49 90 20  1 190 180 20 30 0 49 90 30
motion disk1 1 190 180 20 30 0 49 90 0  25 190 180 20 30 0 49 90 40
motion disk2 1 167 210 65 30 6 247 41 0  1 167 210 65 30 6 247 41 70
motion disk2 1 167 210 65 30 6 247 41 30  57 167 210 65 30 6 247 41 80
motion disk3 1 145 240 110 30 11 45 175 60  1 145 240 110 30 11 45 175 0
motion disk3 1 145 240 110 30 11 45 175 0  121 145 240 110 30 11 45 175 0
motion disk1 25 190 180 20 30 0 49 90 0   35 190 50 20 30 0 49 90 20
motion disk1 35 190 50 20 30 0 49 90 70  36 190 50 20 30 0 49 90 50
motion disk1 36 190 50 20 30 0 49 90 10  46 490 50 20 30 0 49 90 60
motion disk1 46 490 50 20 30 0 49 90 0  47 490 50 20 30 0 49 90 70
motion disk1 47 490 50 20 30 0 49 90 0  57 490 240 20 30 0 49 90 0
motion disk1 57 490 240 20 30 0 49 90 0  89 490 240 20 30 0 49 90 0
motion disk2 57 167 210 65 30 6 247 41 20  67 167 50 65 30 6 247 41 20
motion disk2 67 167 50 65 30 6 247 41 80  68 167 50 65 30 6 247 41 80
motion disk2 68 167 50 65 30 6 247 41 20  78 317 50 65 30 6 247 41 60
motion disk2 78 317 50 65 30 6 247 41 0  79 317 50 65 30 6 247 41 80
motion disk2 79 317 50 65 30 6 247 41 0  89 317 240 65 30 6 247 41 30
motion disk1 89 490 240 20 30 0 49 90 0 99 490 50 20 30 0 49 90 30
motion disk2 89 317 240 65 30 6 247 41 70 185 317 240 65 30 6 247 41 100
motion disk1 99 490 50 20 30 0 49 90 90 100 490 50 20 30 0 49 90 10
motion disk1 100 490 50 20 30 0 49 90 10 110 340 50 20 30 0 49 90 50
motion disk1 110 340 50 20 30 0 49 90 0 111 340 50 20 30 0 49 90 70
motion disk1 111 340 50 20 30 0 49 90 0 121 340 210 20 30 0 49 90 0
motion disk1 121 340 210 20 30 0 49 90 0 153 340 210 20 30 0 49 90 0
motion disk3 121 145 240 110 30 11 45 175 20  131 145 50 110 30 11 45 175 80
motion disk3 131 145 50 110 30 11 45 175 30  132 145 50 110 30 11 45 175 120
motion disk3 132 145 50 110 30 11 45 175 10 142 445 50 110 30 11 45 175 20
motion disk3 142 445 50 110 30 11 45 175 0 143 445 50 110 30 11 45 175 50
motion disk3 143 445 50 110 30 11 45 175 0 153 445 240 110 30 11 45 175 60
motion disk1 153 340 210 20 30 0 49 90 0 163 340 50 20 30 0 49 90 70
motion disk3 153 445 240 110 30 11 45 0 175  161 445 240 110 30 0 25 80 50
motion disk3 161 445 240 110 30 0 255 0 0 302 445 240 110 30 0 255 0 90
motion disk1 163 340 50 20 30 0 49 90 30 164 340 50 20 30 0 49 90 10
motion disk1 164 340 50 20 30 0 49 90 40 174 190 50 20 30 0 49 90 0
motion disk1 174 190 50 20 30 0 49 90 0 175 190 50 20 30 0 49 90 0
motion disk1 175 190 50 20 30 0 49 90 120 185 190 240 20 30 0 49 90 0
motion disk1 185 190 240 20 30 0 49 90 0 217 190 240 20 30 0 49 90 0
motion disk2 185 317 240 65 30 6 247 41 0  195 317 50 65 30 6 247 41 0
motion disk2 195 317 50 65 30 6 247 41 0 196 317 50 65 30 6 247 41 0
motion disk2 196 317 50 65 30 6 247 41 0 206 467 50 65 30 6 247 41 0
motion disk2 206 467 50 65 30 6 247 41 10 207 467 50 65 30 6 247 41 0
motion disk2 207 467 50 65 30 6 247 41 20 217 467 210 65 30 6 247 41 0
motion disk1 217 190 240 20 30 0 49 90 30 227 190 50 20 30 0 49 90 0
motion disk2 217 467 210 65 30 6 247 41 80 225 467 210 65 30 0 255 0 0
motion disk2 225 467 210 65 30 0 255 0 0 302 467 210 65 30 0 255 0 0
motion disk1 227 190 50 20 30 0 49 90 0 228 190 50 20 30 0 49 90 0
motion disk1 228 190 50 20 30 0 49 90 0 238 490 50 20 30 0 49 90 0
motion disk1 238 490 50 20 30 0 49 90 0 239 490 50 20 30 0 49 90 10
motion disk1 239 490 50 20 30 0 49 90 0 249 490 180 20 30 0 49 90 20
motion disk1 249 490 180 20 30 0 49 90 0 257 490 180 20 30 0 255 0 30
motion disk1 257 490 180 20 30 0 255 0 0 302 490 180 20 30 0 255 0 0